3453636334535350257802758024750347504570784345363633453535025780275802475034750457078434536363345353502578027580247503475045707843453636334535350257802758024750347504570784
3453636334535350257802758024750347504570784345363633453535025780275802475034750457078434536363345353502578027580247503475045707843453636334535350257802758024750347504570784
3453636334535350257802758024750347504570784345363633453535025780275802475034750457078434536363345353502578027580247503475045707843453636334535350257802758024750347504570784
3453636334535350257802758024750347504570784345363633453535025780275802475034750457078434536363345353502578027580247503475045707843453636334535350257802758024750347504570784
3453636334535350257802758024750347504570784345363633453535025780275802475034750457078434536363345353502578027580247503475045707843453636334535350257802758024750347504570784
3453636334535350257802758024750347504570784345363633453535025780275802475034750457078434536363345353502578027580247503475045707843453636334535350257802758024750347504570784
3453636334535350257802758024750347504570784345363633453535025780275802475034750457078434536363345353502578027580247503475045707843453636334535350257802758024750347504570784v
3453636334535350257802758024750347504570784345363633453535025780275802475034750457078434536363345353502578027580247503475045707843453636334535350257802758024750347504570784
3453636334535350257802758024750347504570784345363633453535025780275802475034750457078434536363345353502578027580247503475045707843453636334535350257802758024750347504570784
3453636334535350257802758024750347504570784345363633453535025780275802475034750457078434536363345353502578027580247503475045707843453636334535350257802758024750347504570784
3453636334535350257802758024750347504570784345363633453535025780275802475034750457078434536363345353502578027580247503475045707843453636334535350257802758024750347504570784
3453636334535350257802758024750347504570784345363633453535025780275802475034750457078434536363345353502578027580247503475045707843453636334535350257802758024750347504570784
3453636334535350257802758024750347504570784345363633453535025780275802475034750457078434536363345353502578027580247503475045707843453636334535350257802758024750347504570784
3453636334535350257802758024750347504570784345363633453535025780275802475034750457078434536363345353502578027580247503475045707843453636334535350257802758024750347504570784
3453636334535350257802758024750347504570784345363633453535025780275802475034750457078434536363345353502578027580247503475045707843453636334535350257802758024750347504570784
3453636334535350257802758024750347504570784345363633453535025780275802475034750457078434536363345353502578027580247503475045707843453636334535350257802758024750347504570784
3453636334535350257802758024750347504570784345363633453535025780275802475034750457078434536363345353502578027580247503475045707843453636334535350257802758024750347504570784
3453636334535350257802758024750347504570784345363633453535025780275802475034750457078434536363345353502578027580247503475045707843453636334535350257802758024750347504570784
